0
1
0.0
99
0
3
7
8
11
14
16
19
20
23
27
29
31
33
36
40
44
48
49
53
54
56
58
59
61
62
65
66
67
70
71
75
78
79
81
84
86
88
89
93
97
101
104
106
110
113
117
120
123
127
128
132
134
137
140
144
148
149
152
153
154
158
160
163
166
169
170
171
173
175
177
178
181
182
185
187
191
193
196
200
204
208
211
215
218
221
222
223
225
226
227
231
232
233
235
238
240
244
248
3
2
0.0
49
3
8
14
19
23
29
33
40
48
53
56
59
62
66
70
75
79
84
88
93
101
106
113
120
127
132
137
144
149
153
158
163
169
171
175
178
182
187
193
200
208
215
221
223
226
231
233
238
244
7
3
0.0
33
7
14
20
29
36
48
54
59
65
70
78
84
89
101
110
120
128
137
148
153
160
169
173
178
185
193
204
215
222
226
232
238
248
8
4
0.0
24
8
19
29
40
53
59
66
75
84
93
106
120
132
144
153
163
171
178
187
200
215
223
231
238
11
5
0.0
19
11
23
36
53
61
70
81
93
110
127
140
153
166
175
185
200
218
226
235
14
6
0.0
16
14
29
48
59
70
84
101
120
137
153
169
178
193
215
226
238
16
7
0.0
14
16
33
54
66
81
101
123
144
160
175
191
215
227
244
19
8
0.0
12
19
40
59
75
93
120
144
163
178
200
223
238
20
9
0.0
11
20
48
65
84
110
137
160
178
204
226
248
23
10
0.0
9
23
53
70
93
127
153
175
200
226
27
11
0.0
9
27
56
78
106
140
169
191
223
248
29
12
0.0
8
29
59
84
120
153
178
215
238
31
13
0.0
7
31
62
89
132
166
193
227
33
14
0.0
7
33
66
101
144
175
215
244
36
15
0.0
6
36
70
110
153
185
226
40
16
0.0
6
40
75
120
163
200
238
44
17
0.0
5
44
79
128
171
218
48
18
0.0
5
48
84
137
178
226
49
19
0.0
5
49
88
148
187
235
53
20
0.0
4
53
93
153
200
54
21
0.0
4
54
101
160
215
56
22
0.0
4
56
106
169
223
58
23
0.0
4
58
113
173
231
59
24
0.0
4
59
120
178
238
61
25
0.0
3
61
127
185
62
26
0.0
3
62
132
193
65
27
0.0
3
65
137
204
66
28
0.0
3
66
144
215
67
29
0.0
3
67
149
222
70
30
0.0
3
70
153
226
71
31
0.0
3
71
158
232
75
32
0.0
3
75
163
238
78
33
0.0
3
78
169
248
79
34
0.0
2
79
171
81
35
0.0
2
81
175
84
36
0.0
2
84
178
86
37
0.0
2
86
182
88
38
0.0
2
88
187
89
39
0.0
2
89
193
93
40
0.0
2
93
200
97
41
0.0
2
97
208
101
42
0.0
2
101
215
104
43
0.0
2
104
221
106
44
0.0
2
106
223
110
45
0.0
2
110
226
113
46
0.0
2
113
231
117
47
0.0
2
117
233
120
48
0.0
2
120
238
123
49
0.0
2
123
244
127
50
0.0
1
127
128
51
0.0
1
128
132
52
0.0
1
132
134
53
0.0
1
134
137
54
0.0
1
137
140
55
0.0
1
140
144
56
0.0
1
144
148
57
0.0
1
148
149
58
0.0
1
149
152
59
0.0
1
152
153
60
0.0
1
153
154
61
0.0
1
154
158
62
0.0
1
158
160
63
0.0
1
160
163
64
0.0
1
163
166
65
0.0
1
166
169
66
0.0
1
169
170
67
0.0
1
170
171
68
0.0
1
171
173
69
0.0
1
173
175
70
0.0
1
175
177
71
0.0
1
177
178
72
0.0
1
178
181
73
0.0
1
181
182
74
0.0
1
182
185
75
0.0
1
185
187
76
0.0
1
187
191
77
0.0
1
191
193
78
0.0
1
193
196
79
0.0
1
196
200
80
0.0
1
200
204
81
0.0
1
204
208
82
0.0
1
208
211
83
0.0
1
211
215
84
0.0
1
215
218
85
0.0
1
218
221
86
0.0
1
221
222
87
0.0
1
222
223
88
0.0
1
223
225
89
0.0
1
225
226
90
0.0
1
226
227
91
0.0
1
227
231
92
0.0
1
231
232
93
0.0
1
232
233
94
0.0
1
233
235
95
0.0
1
235
238
96
0.0
1
238
240
97
0.0
1
240
244
98
0.0
1
244
248
99
0.0
1
248
